t # 0
v 0 4
v 1 5
v 2 6
v 3 9
v 4 7
e 0 3 1
e 0 4 1
e 1 4 1
e 2 4 1
e 2 5 1
t # 1
v 0 9
v 1 0
v 2 3
v 3 6
v 4 5
e 0 1 1
e 0 2 1
e 0 3 1
e 0 4 1
e 0 5 1
e 1 2 1
e 1 3 1
e 1 4 1
e 1 5 1
e 2 3 1
e 2 4 1
e 2 5 1
e 3 4 1
e 3 5 1
t # 2
v 0 6
v 1 1
v 2 0
v 3 2
v 4 7
e 0 1 1
e 0 3 1
e 0 4 1
e 1 2 1
e 1 3 1
e 1 5 1
e 2 3 1
e 2 5 1
e 3 5 1
e 4 5 1
t # 3
v 0 3
v 1 6
v 2 9
v 3 4
v 4 7
v 5 0
e 0 1 1
e 0 2 1
e 0 4 1
e 0 5 1
e 1 3 1
e 1 4 1
e 1 5 1
e 1 6 1
e 2 4 1
e 2 5 1
e 3 4 1
e 3 5 1
e 3 6 1
e 4 5 1
e 4 6 1
e 5 6 1
t # 4
v 0 5
v 1 0
e 0 1 1
e 0 2 1
t # 5
v 0 5
v 1 0
e 0 1 1
e 1 2 1
t # 6
v 0 3
v 1 6
v 2 7
e 0 2 1
e 1 3 1
e 2 3 1
t # 7
v 0 2
v 1 3
v 2 4
v 3 7
v 4 5
v 5 6
v 6 8
e 0 1 1
e 0 7 1
e 1 3 1
e 1 5 1
e 1 7 1
e 2 5 1
e 2 6 1
e 2 7 1
e 3 4 1
e 4 5 1
e 4 6 1
e 4 7 1
e 5 6 1
t # 8
v 0 2
v 1 8
v 2 6
v 3 0
v 4 5
v 5 7
v 6 3
v 7 4
e 0 2 1
e 0 3 1
e 0 5 1
e 0 6 1
e 0 8 1
e 1 2 1
e 1 3 1
e 1 4 1
e 1 5 1
e 1 6 1
e 1 7 1
e 1 8 1
e 2 3 1
e 2 4 1
e 2 5 1
e 2 6 1
e 2 7 1
e 2 8 1
e 3 6 1
e 3 7 1
e 3 8 1
e 4 5 1
e 4 7 1
e 4 8 1
e 5 6 1
e 5 7 1
e 5 8 1
t # 9
v 0 1
v 1 4
v 2 6
v 3 9
v 4 8
v 5 5
v 6 7
e 0 2 1
e 0 3 1
e 0 4 1
e 0 5 1
e 1 4 1
e 2 5 1
e 2 6 1
e 3 7 1
e 4 7 1
e 5 7 1
